6410110522
6410110338
6410110068
6410110420
6410110585
6410110384
6410110181
6410110421
6410110263
6410110305
6410110082
6410110137
6410110144
6410110294
6410110009
6410110438
6410110088
6410110461
6410110102
6410110178
6410110299
6410110280
6410110244
6410110205
6410110180
6410110012
6410110324
6410110491
6410110710
6410110015
6410110109
6410110368
6410110433
6410110677
6410110679
6410110676
6410110289
6410110503
6410110663
6410110581
6410110644
6410110604
6410110429
6410110613
6410110197
6410110516
6410110325
6410110021
6410110081
6410110260
6410110367
6410110525
6410110353
6410110027
6410110133
6410110005
6410110092
6410110118
6410110210
6410110603
6410110282
6410110437
6410110204
6410110611
6410110072
6410110746
6410110086
6410110481
6410110649
6410110730
6410110483
6410110307
6410110071
6410110225
6410110479
6410110306
6410110238
6410110253
6410110267
6410110056
6410110392
6410110564
6410110431
6410110518
6410110004
6410110427
6410110208
6410110062
6410110399
6410110171
6410110378
6410110110
6410110207
6410110609
6410110096
6410110154
6410110470
6410110533
6410110242